px	py	v	yaw_angle	yaw_rate	px_measured	py_measured	px_true	py_true	vx_true	vy_true	NIS
0.312243	0.58034	0	0	0	0.312243	0.58034	0.6	0.6	5.19994	0	0
0.735335	0.629467	7.20389	-2.69555e-18	3.1028e-17	0.862916	0.534212	0.859997	0.600045	5.19975	0.00179686	0
1.1605	0.494943	7.20697	-0.127191	-0.0118556	1.17385	0.481073	1.11998	0.600225	5.19943	0.00538996	0
1.25801	0.533086	7.19218	0.122699	0.0306249	0.969149	0.397513	1.37996	0.600629	5.19898	0.0107781	0
1.61582	0.595358	7.20568	0.161523	0.0462382	1.65063	0.62469	1.6399	0.601347	5.19839	0.0179597	0
1.85111	0.561912	6.00965	0.025512	-0.233142	1.62331	0.499091	1.89982	0.60247	5.19766	0.0269323	0
2.16294	0.591299	6.0093	0.0402001	-0.177436	2.18882	0.648739	2.1597	0.604086	5.19678	0.0376932	0
2.37882	0.637246	5.60524	0.0562396	-0.339573	1.96701	0.557117	2.41954	0.606284	5.19573	0.0502389	0
2.65608	0.654386	5.60269	0.045008	-0.318006	2.65526	0.66598	2.67932	0.609155	5.1945	0.0645654	0
2.92255	0.64799	5.53717	-0.00267839	-0.470826	2.92034	0.645898	2.93904	0.612786	5.19309	0.080668	0
3.15842	0.643645	5.49299	-0.0160349	-0.436211	3.01222	0.637046	3.19869	0.617267	5.19147	0.0985415	0
3.44396	0.539687	5.52544	-0.164437	-0.850224	3.56096	0.485311	3.45825	0.622685	5.18963	0.11818	0
3.74708	0.427411	5.59192	-0.283296	-1.07203	3.89365	0.311793	3.71772	0.62913	5.18754	0.139576	0
4.0279	0.511592	5.55314	-0.146424	-0.548733	4.19786	0.698311	3.97708	0.636689	5.18519	0.162724	0
4.3018	0.503568	5.53507	-0.139379	-0.465412	4.30935	0.578564	4.23632	0.645449	5.18256	0.187614	0
4.56249	0.539409	5.45278	-0.0991067	-0.328604	4.61908	0.68951	4.49542	0.655498	5.17962	0.214238	0
4.75221	0.645719	5.2916	0.00129807	-0.0850318	4.35143	0.899174	4.75437	0.666921	5.17634	0.242587	0
5.00451	0.64423	5.22524	-0.00719522	-0.0950363	5.20901	0.66599	5.01315	0.679804	5.1727	0.272649	0
5.30485	0.641648	5.27526	-0.013251	-0.0973125	5.51894	0.648233	5.27175	0.694234	5.16867	0.304413	0
5.56277	0.649368	5.29264	-0.00731837	-0.076973	5.22834	0.639362	5.53013	0.710295	5.16422	0.337868	0
5.85596	0.666158	5.32562	0.00143176	-0.0559242	6.022	0.708619	5.78828	0.728072	5.15932	0.372999	0
6.09896	0.59232	5.26292	-0.0524945	-0.139981	5.89392	0.373584	6.04618	0.747647	5.15393	0.409793	0
6.3546	0.706391	5.23643	0.0230768	-0.0123782	6.34249	0.948833	6.30379	0.769103	5.14803	0.448233	0
6.60546	0.737487	5.19759	0.0373868	0.00927684	6.62134	0.836138	6.5611	0.792523	5.14157	0.488305	0
6.85267	0.736848	5.18365	0.0319942	0.000981937	6.78214	0.714036	6.81808	0.817988	5.13452	0.52999	0
7.0967	0.719823	5.10858	0.0160408	-0.0230627	7.29121	0.630741	7.07469	0.845578	5.12685	0.573269	0
7.31719	0.804585	5.06171	0.0610999	0.0403566	7.13735	0.957217	7.3309	0.875373	5.11851	0.618123	0
7.60737	0.815747	5.15454	0.0604093	0.0371639	8.08349	0.819605	7.58668	0.907449	5.10946	0.664531	0
7.85704	0.795228	5.14588	0.0430416	0.0119983	7.80533	0.719126	7.84199	0.941886	5.09966	0.712469	0
8.10745	0.812373	5.09488	0.0459948	0.0137804	8.40453	0.884557	8.0968	0.978759	5.08907	0.761915	0
8.34474	0.830981	5.07397	0.050716	0.0191452	8.24796	0.840322	8.35106	1.01814	5.07766	0.812843	0
8.61178	0.918618	5.15079	0.0905849	0.0703119	8.45858	1.41118	8.60472	1.06011	5.06537	0.865226	0
8.84854	0.978688	5.12789	0.113069	0.0945975	8.74615	1.04858	8.85775	1.10473	5.05216	0.919037	0
9.13649	1.01704	5.18183	0.120924	0.0980751	9.8809	1.1419	9.1101	1.15208	5.03798	0.974245	0
9.37327	1.05132	5.15698	0.127875	0.100959	9.25579	1.04913	9.36172	1.20223	5.0228	1.03082	0
9.65115	1.12374	5.20584	0.150956	0.123368	10.1016	1.52474	9.61255	1.25524	5.00656	1.08873	0
9.92274	1.25302	5.23501	0.199918	0.177033	10.0484	1.44598	9.86254	1.31118	4.98922	1.14794	0
10.1718	1.34428	5.18715	0.229217	0.204735	10.5377	1.72555	10.1117	1.37011	4.97074	1.20841	0
10.3969	1.42647	5.15782	0.251832	0.220904	10.2492	1.45907	10.3598	1.4321	4.95106	1.2701	0
10.6297	1.51404	5.08233	0.27762	0.243326	10.9084	1.70343	10.6069	1.49721	4.93014	1.33298	0
10.8561	1.54575	5.05104	0.272458	0.222038	10.7313	1.45265	10.853	1.56549	4.90794	1.39701	0
11.1207	1.59756	5.08805	0.272472	0.206646	11.4783	1.42876	11.0979	1.637	4.8844	1.46213	0
11.3992	1.64325	5.12303	0.268158	0.187498	11.587	1.61462	11.3416	1.71179	4.85948	1.52832	0
11.6309	1.70219	5.08039	0.275245	0.186128	11.4763	1.53917	11.584	1.78992	4.83313	1.59551	0
11.8613	1.76672	5.06214	0.283291	0.184804	11.7788	1.74591	11.8251	1.87144	4.80531	1.66366	0
12.1158	1.85691	5.11298	0.298444	0.190161	12.136	2.14937	12.0647	1.95639	4.77598	1.73273	0
12.3591	1.88474	5.09475	0.285097	0.16158	12.3226	1.78353	12.3029	2.04482	4.74508	1.80265	0
12.6143	1.94522	5.13414	0.284587	0.148673	12.5457	1.77728	12.5394	2.13677	4.71257	1.87338	0
12.8142	2.08065	5.10279	0.326752	0.192617	12.5924	2.17509	12.7743	2.23227	4.67842	1.94485	0
13.0793	2.18723	5.18676	0.341505	0.194757	13.2198	2.6644	13.0075	2.33137	4.64258	2.01701	0
13.2821	2.32909	5.16052	0.381494	0.232913	13.0875	2.40708	13.2388	2.43409	4.605	2.08981	0
13.4628	2.47838	5.06259	0.429768	0.285486	12.7087	3.12439	13.4682	2.54047	4.56565	2.16317	0
13.712	2.5923	5.08994	0.444399	0.285524	13.836	2.62479	13.6955	2.65053	4.52448	2.23703	0
13.9315	2.70746	5.07194	0.463081	0.292536	13.8302	2.73893	13.9208	2.7643	4.48147	2.31134	0
14.1597	2.85971	5.09524	0.494252	0.312633	14.2106	2.94205	14.1439	2.88179	4.43656	2.38601	0
14.409	2.96775	5.15491	0.493973	0.286159	14.5568	2.87021	14.3646	3.00303	4.38974	2.46099	0
14.6169	3.03914	5.1031	0.488126	0.262234	14.4616	2.90734	14.583	3.12802	4.34097	2.5362	0
14.8472	3.19157	5.15817	0.510605	0.268978	14.6754	3.96041	14.7989	3.25679	4.29021	2.61157	0
15.0538	3.38356	5.18058	0.555389	0.307196	15.0261	3.5067	15.0122	3.38932	4.23744	2.68703	0
15.2644	3.55136	5.17187	0.588232	0.332586	15.3685	4.14761	15.2228	3.52563	4.18263	2.76249	0
15.4776	3.73749	5.20044	0.622374	0.353545	15.5236	3.82936	15.4306	3.66572	4.12575	2.83789	0
15.6894	3.87229	5.18858	0.631912	0.343879	15.7234	3.4105	15.6355	3.80957	4.06678	2.91315	0
15.9117	4.0138	5.19385	0.640473	0.333221	15.9774	4.00094	15.8375	3.95719	4.00571	2.98817	0
16.1069	4.17969	5.15522	0.669602	0.356791	16.3376	4.21632	16.0363	4.10854	3.94251	3.0629	0
16.3046	4.373	5.17864	0.700719	0.3725	16.3313	4.44499	16.2319	4.26363	3.87716	3.13723	0
16.5146	4.53698	5.19441	0.713035	0.363005	16.7586	4.48231	16.4242	4.42242	3.80966	3.21109	0
16.6937	4.7043	5.17555	0.73327	0.36593	16.6039	4.67344	16.613	4.5849	3.74	3.28438	0
16.8455	4.90268	5.09813	0.783718	0.423619	16.9236	5.10119	16.7983	4.75103	3.66817	3.35704	0
17.0103	5.12552	5.12377	0.823729	0.445875	16.9955	5.21099	16.9799	4.92077	3.59416	3.42897	0
17.1795	5.29923	5.09418	0.844057	0.448231	17.3421	4.64623	17.1579	5.09409	3.51797	3.50008	0
17.3402	5.47831	5.07593	0.863481	0.445081	17.2894	5.43542	17.3319	5.27094	3.4396	3.57028	0
17.4953	5.65207	5.03193	0.885171	0.451343	17.6463	4.74597	17.5019	5.45128	3.35907	3.63949	0
17.6911	5.77308	4.98587	0.870907	0.408367	17.7853	5.62476	17.6679	5.63506	3.27637	3.70762	0
17.8326	5.97411	4.95457	0.906635	0.436911	17.9216	6.07151	17.8297	5.82221	3.19151	3.77458	0
18.0085	6.1603	4.96389	0.917426	0.423488	18.1263	6.16985	17.9872	6.01269	3.10453	3.84027	0
18.1568	6.36959	4.97523	0.942363	0.427986	18.1245	6.79027	18.1402	6.20641	3.01542	3.90462	0
18.279	6.60374	4.99429	0.9805	0.447536	18.2164	6.66138	18.2888	6.40332	2.92421	3.96753	0
18.4095	6.81962	4.991	1.00944	0.458662	18.4022	7.02231	18.4328	6.60333	2.83093	4.0289	0
18.5597	6.95556	4.91594	1.00274	0.4252	18.5422	6.76013	18.572	6.80638	2.7356	4.08867	0
18.7087	7.16183	4.94292	1.01148	0.402474	18.8089	7.24388	18.7064	7.01237	2.63825	4.14672	0
18.908	7.2978	4.90073	0.986635	0.350324	19.1441	7.18344	18.8359	7.22122	2.53893	4.20299	0
18.9943	7.50572	4.84002	1.03085	0.396678	18.5479	7.4012	18.9604	7.43283	2.43767	4.25737	0
19.0857	7.76433	4.88116	1.07523	0.424923	19.0138	7.8688	19.0798	7.64712	2.3345	4.3098	0
19.2061	7.97252	4.88062	1.09028	0.415296	19.3089	7.67375	19.1939	7.86397	2.22949	4.36017	0
19.2859	8.18683	4.85896	1.12077	0.427014	19.132	8.12845	19.3028	8.08329	2.12266	4.40842	0
19.3848	8.39827	4.85838	1.13644	0.413606	19.0239	8.17194	19.4062	8.30497	2.01409	4.45445	0
19.481	8.54682	4.76435	1.13998	0.395419	19.347	8.30741	19.5042	8.5289	1.90381	4.49819	0
19.571	8.75765	4.74356	1.16433	0.405957	19.6843	8.35902	19.5966	8.75494	1.7919	4.53956	0
19.7345	8.92898	4.7184	1.14704	0.363028	20.0039	8.8906	19.6835	8.983	1.67841	4.57848	0
19.8063	9.15273	4.69935	1.18281	0.393586	19.6061	9.48659	19.7645	9.21294	1.56341	4.61488	0
19.9379	9.37438	4.72464	1.18656	0.374845	20.1574	9.45949	19.8398	9.44463	1.44697	4.64869	0
19.9813	9.5995	4.68403	1.23497	0.426455	19.6163	9.76606	19.9093	9.67795	1.32916	4.67984	0
20.0695	9.83602	4.70924	1.25439	0.42387	20.1573	9.90876	19.9728	9.91275	1.21005	4.70826	0
20.1297	10.084	4.74593	1.2802	0.422537	19.1911	11.5493	20.0303	10.1489	1.08972	4.73389	0
20.1779	10.3531	4.79496	1.31623	0.438691	20.166	10.4687	20.0818	10.3863	0.968259	4.75666	0
20.1926	10.5907	4.76904	1.36633	0.485561	19.6775	10.803	20.1271	10.6247	0.845742	4.77652	0
20.2514	10.8604	4.82196	1.39175	0.485742	20.371	11.0109	20.1663	10.864	0.722256	4.7934	0
20.2806	11.1158	4.84859	1.42021	0.485624	19.4335	12.3402	20.1993	11.1041	0.597892	4.80727	0
20.3149	11.3538	4.84615	1.44379	0.484898	20.3164	11.3483	20.2261	11.3449	0.472738	4.81807	0
20.2587	11.6044	4.81312	1.52461	0.579924	19.2063	12.2418	20.2466	11.5861	0.346889	4.82575	0
20.3309	11.8437	4.82083	1.52789	0.551107	20.6141	11.9422	20.2608	11.8275	0.220439	4.83027	0
20.3579	12.0774	4.83212	1.53036	0.499603	19.966	11.9688	20.2687	12.0692	0.093487	4.83159	0
20.345	12.3615	4.89158	1.56725	0.510975	20.3263	12.4966	20.2701	12.3108	-0.0338694	4.82968	0
20.2941	12.6011	4.86483	1.62795	0.57424	20.0192	12.4823	20.2652	12.5522	-0.161529	4.82451	0
20.3193	12.8403	4.85985	1.63965	0.555753	20.498	12.8924	20.254	12.7933	-0.28939	4.81605	0
20.3065	13.0725	4.84336	1.66619	0.558197	20.9151	12.2555	20.2363	13.0339	-0.417348	4.80428	0
20.271	13.2868	4.80652	1.69634	0.56176	20.1943	13.1688	20.2122	13.2738	-0.545298	4.78918	0
20.2324	13.5218	4.80673	1.72211	0.552893	19.858	13.5236	20.1818	13.5129	-0.673135	4.77072	0
20.2124	13.779	4.83286	1.74263	0.544361	20.3245	13.8896	20.1449	13.7509	-0.800753	4.74892	0
20.1561	14.0071	4.81791	1.77975	0.563839	20.3387	13.5307	20.1017	13.9878	-0.928043	4.72374	0
20.1012	14.261	4.84559	1.80856	0.563683	20.1216	14.337	20.0521	14.2233	-1.0549	4.69521	0
20.0293	14.4901	4.84197	1.83987	0.565095	19.6717	14.4038	19.9962	14.4573	-1.18121	4.66331	0
19.9212	14.7429	4.88364	1.88305	0.579976	19.781	14.773	19.934	14.6897	-1.30687	4.62805	0
19.8549	14.9616	4.86568	1.89902	0.552693	20.1149	14.0165	19.8655	14.9202	-1.43177	4.58944	0
19.824	15.1804	4.83203	1.90819	0.533912	20.0208	15.2053	19.7908	15.1486	-1.55581	4.54751	0
19.6904	15.3908	4.81517	1.98673	0.640077	20.0157	15.3443	19.7099	15.3749	-1.67887	4.50226	0
19.66	15.5812	4.7439	1.99478	0.616466	19.9131	15.554	19.6229	15.5989	-1.80085	4.45372	0
19.566	15.7874	4.7298	2.02073	0.606871	19.9388	15.0864	19.5298	15.8203	-1.92164	4.40193	0
19.4625	16.0001	4.73056	2.05002	0.605712	19.4748	16.0098	19.4307	16.039	-2.04114	4.3469	0
19.3612	16.209	4.72745	2.06452	0.570405	19.1556	16.0022	19.3257	16.2549	-2.15925	4.28868	0
19.2516	16.3869	4.68606	2.09447	0.573196	19.238	16.2719	19.2148	16.4679	-2.27586	4.22731	0
19.1332	16.5842	4.67985	2.12414	0.576238	19.4007	16.2962	19.0981	16.6777	-2.39087	4.16284	0
19.0038	16.793	4.69768	2.15262	0.575359	19.0029	16.8387	18.9757	16.8841	-2.50418	4.0953	0
18.8465	16.9848	4.71186	2.21306	0.64436	18.8373	17.7112	18.8477	17.0872	-2.61571	4.02476	0
18.6743	17.2171	4.7914	2.24734	0.644172	18.6148	17.3832	18.7142	17.2866	-2.72534	3.95127	0
18.5722	17.4224	4.77274	2.22933	0.543967	18.8177	17.0316	18.5752	17.4822	-2.83299	3.87489	0
18.3597	17.6124	4.8272	2.27647	0.563299	18.1023	17.5529	18.4309	17.674	-2.93858	3.79568	0
18.2236	17.8042	4.81833	2.27851	0.508862	18.2749	17.4877	18.2814	17.8617	-3.042	3.71372	0
18.092	17.9908	4.80221	2.29445	0.499382	18.2094	18.0461	18.1268	18.0453	-3.14318	3.62906	0
17.9159	18.1456	4.78899	2.33875	0.53635	18.3021	17.498	17.9671	18.2246	-3.24204	3.5418	0
17.7837	18.2896	4.72598	2.36025	0.532434	17.9018	18.2183	17.8026	18.3994	-3.3385	3.45199	0
17.65	18.4713	4.71147	2.36695	0.502985	18.8558	18.1364	17.6334	18.5697	-3.43247	3.35973	0
17.4568	18.6517	4.75338	2.39458	0.504535	17.3845	18.7039	17.4595	18.7353	-3.5239	3.26509	0
17.2757	18.793	4.73952	2.43035	0.524128	17.7945	18.0801	17.281	18.8962	-3.61271	3.16817	0
17.114	18.9302	4.70356	2.45479	0.523129	17.1762	18.8863	17.0983	19.0521	-3.69883	3.06904	0
16.9467	19.1006	4.71074	2.46644	0.500871	16.9398	19.7311	16.9113	19.203	-3.78221	2.9678	0
16.7301	19.2159	4.71173	2.50708	0.517215	16.5734	19.052	16.7201	19.3488	-3.86278	2.86455	0
16.5402	19.3689	4.72802	2.53126	0.519822	16.1674	20.2201	16.5251	19.4894	-3.9405	2.75938	0
16.3166	19.5288	4.78568	2.55688	0.518028	16.2338	19.6171	16.3262	19.6246	-4.01531	2.65237	0
16.0934	19.6121	4.76882	2.60868	0.558289	16.4366	18.2742	16.1237	19.7545	-4.08716	2.54364	0
15.8885	19.7557	4.79072	2.62892	0.549705	15.9243	19.8703	15.9176	19.8789	-4.15602	2.43329	0
15.6996	19.8808	4.76507	2.63306	0.500305	16.2328	19.2166	15.7082	19.9978	-4.22185	2.32141	0
15.4702	20.033	4.82353	2.65072	0.491048	15.4332	20.1836	15.4956	20.111	-4.28461	2.2081	0
15.2593	20.1746	4.84453	2.66172	0.470365	14.3677	21.3406	15.2799	20.2185	-4.34427	2.09347	0
15.0702	20.3069	4.83192	2.6729	0.457797	15.2016	20.4385	15.0613	20.3203	-4.4008	1.97763	0
14.8399	20.3892	4.8314	2.71102	0.482079	14.7476	19.9571	14.84	20.4162	-4.4542	1.86068	0
14.6243	20.5086	4.84251	2.72758	0.473977	14.6665	20.6088	14.6161	20.5063	-4.50443	1.74272	0
14.388	20.5953	4.85923	2.76444	0.501057	13.841	21.0031	14.3897	20.5904	-4.55149	1.62386	0
14.1416	20.6695	4.87456	2.79675	0.508286	14.0521	20.5924	14.1611	20.6686	-4.59537	1.50421	0
13.9049	20.7406	4.88268	2.83254	0.530085	13.8232	20.859	13.9304	20.7408	-4.63606	1.38386	0
13.6316	20.804	4.92896	2.86751	0.537835	13.4686	20.7253	13.6977	20.807	-4.67357	1.26294	0
13.3837	20.8346	4.9353	2.92148	0.590736	13.8263	20.4261	13.4632	20.8671	-4.70789	1.14153	0
13.1371	20.8759	4.93652	2.95473	0.594582	13.1072	20.8294	13.2271	20.9211	-4.73904	1.01975	0
12.9054	20.9345	4.92896	2.97593	0.583177	13.2669	21.1579	12.9895	20.969	-4.76702	0.897694	0
12.7038	20.979	4.87637	2.99837	0.577779	12.8729	21.0592	12.7506	21.0108	-4.79186	0.775469	0
12.4518	21.0195	4.89743	3.02636	0.578671	11.5171	21.6724	12.5106	21.0465	-4.81358	0.653175	0
12.2049	21.0568	4.90819	3.05102	0.573787	12.2062	21.11	12.2695	21.0761	-4.83219	0.530912	0
11.9663	21.0766	4.90498	3.08216	0.581978	12.3859	21.1066	12.0276	21.0996	-4.84773	0.408778	0
11.7229	21.0473	4.88644	3.126	0.598265	11.6814	20.8651	11.785	21.117	-4.86022	0.286869	0
11.476	21.0339	4.88563	3.16127	0.604318	11.5265	20.6748	11.5418	21.1283	-4.86971	0.165281	0
11.259	21.0275	4.84823	3.19001	0.604023	11.363	21.0688	11.2982	21.1335	-4.87623	0.0441057	0
11.0052	20.9889	4.85911	3.22946	0.613981	10.5558	20.5567	11.0544	21.1327	-4.87982	-0.076565	0
10.7939	20.9508	4.81297	3.26517	0.621037	10.8903	20.927	10.8105	21.1259	-4.88053	-0.196643	0
10.5457	20.9505	4.80476	3.26887	0.567028	9.30535	21.3896	10.5666	21.1131	-4.8784	-0.31604	0
10.2662	20.978	4.87452	3.27235	0.537393	10.189	21.209	10.3229	21.0943	-4.87349	-0.434674	0
10.0272	20.9598	4.87078	3.2911	0.525862	9.97958	21.2932	10.0795	21.0697	-4.86585	-0.552463	0
9.83207	20.9208	4.8066	3.31927	0.529966	9.99634	20.9797	9.83658	21.0391	-4.85554	-0.669327	0
9.59695	20.913	4.77899	3.31628	0.47415	9.38223	21.111	9.59422	21.0028	-4.84262	-0.785189	0
9.40307	20.8609	4.72057	3.34559	0.481931	9.53921	20.8762	9.35258	20.9607	-4.82714	-0.899977	0
9.18117	20.8195	4.71067	3.36774	0.481744	9.63392	20.9724	9.11177	20.9128	-4.80919	-1.01362	0
8.89077	20.7879	4.79814	3.37763	0.464022	8.70331	20.8221	8.87192	20.8594	-4.78881	-1.12605	0
8.6756	20.7085	4.77851	3.4126	0.480748	9.84634	20.009	8.63315	20.8003	-4.76608	-1.2372	0
8.40134	20.6245	4.84364	3.43911	0.481853	8.22277	20.4839	8.39557	20.7358	-4.74108	-1.34701	0
8.17284	20.5443	4.8471	3.4686	0.491901	8.29647	20.4978	8.1593	20.6657	-4.71387	-1.45542	0
7.93106	20.4644	4.86597	3.49145	0.48954	7.88599	20.45	7.92445	20.5903	-4.68453	-1.56237	0
7.71512	20.3778	4.86776	3.52531	0.51247	8.29081	20.6565	7.69111	20.5096	-4.65313	-1.66781	0
7.40875	20.3201	4.97552	3.52613	0.482633	7.18029	20.392	7.45939	20.4237	-4.61975	-1.7717	0
7.1773	20.2234	4.9745	3.5484	0.477562	7.09214	20.1196	7.22939	20.3326	-4.58448	-1.87399	0
6.9132	20.1411	5.02121	3.55969	0.462637	6.81542	20.1859	7.00119	20.2364	-4.54738	-1.97462	0
6.688	20.0495	5.007	3.57561	0.450333	6.89359	20.1536	6.7749	20.1352	-4.50854	-2.07357	0
6.4399	19.9586	5.03267	3.58827	0.438952	6.38914	20.0137	6.55059	20.0292	-4.46805	-2.17079	0
6.22299	19.8649	5.01612	3.60576	0.435108	6.67637	20.2142	6.32834	19.9183	-4.42598	-2.26625	0
5.96029	19.7719	5.06288	3.61266	0.417814	5.86119	19.8306	6.10823	19.8027	-4.38241	-2.35993	0
5.73246	19.6256	5.10017	3.65261	0.452962	5.28178	19.5036	5.89034	19.6824	-4.33744	-2.45178	0
5.55413	19.5028	5.04119	3.68183	0.461412	5.69089	19.5755	5.67472	19.5577	-4.29114	-2.5418	0
5.35305	19.3533	5.03574	3.71567	0.476605	5.9506	18.9859	5.46145	19.4284	-4.24359	-2.62995	0
5.13896	19.2519	5.0247	3.72554	0.461467	5.17021	19.4397	5.25059	19.2948	-4.19488	-2.71622	0
4.94613	19.1403	4.97033	3.73451	0.434967	5.87397	19.301	5.04219	19.157	-4.1451	-2.80059	0
4.78255	18.9889	4.92251	3.76899	0.450315	4.89149	18.982	4.8363	19.015	-4.09432	-2.88305	0
4.57431	18.8388	4.95245	3.79488	0.461029	3.98679	19.0452	4.63297	18.8689	-4.04263	-2.96359	0
4.3963	18.7068	4.91977	3.81508	0.458635	4.4685	18.834	4.43224	18.7188	-3.99012	-3.0422	0
4.21323	18.5649	4.8813	3.82861	0.437941	4.69245	18.4634	4.23416	18.5648	-3.93685	-3.11888	0
4.08767	18.409	4.80502	3.8663	0.457813	4.26269	18.481	4.03876	18.4071	-3.88293	-3.19362	0
3.9048	18.236	4.87123	3.90676	0.500617	3.42434	18.8357	3.84606	18.2457	-3.82841	-3.26644	0
3.65063	18.0953	4.94811	3.8993	0.461348	3.45919	18.167	3.65611	18.0807	-3.77339	-3.33732	0
3.48703	17.9446	4.88889	3.91148	0.437338	4.3011	17.9267	3.46891	17.9122	-3.71795	-3.40627	0
3.26133	17.7779	4.94618	3.91618	0.416149	3.12525	17.7493	3.28449	17.7402	-3.66215	-3.47331	0
3.08264	17.594	4.98746	3.94765	0.44145	2.65664	17.888	3.10287	17.565	-3.60609	-3.53844	0
2.90303	17.4764	4.94981	3.94736	0.416813	2.9449	17.8154	2.92405	17.3866	-3.54982	-3.60167	0
2.76164	17.2597	4.98673	3.9998	0.470535	3.26647	17.0897	2.74805	17.2051	-3.49344	-3.66302	0
2.58664	17.0741	4.99896	4.01736	0.463424	2.55407	17.0853	2.57486	17.0205	-3.437	-3.72251	0
2.42232	16.9079	4.941	4.01973	0.423667	2.55039	16.8884	2.4045	16.833	-3.38059	-3.78014	0
2.25785	16.7356	4.93446	4.0325	0.414166	2.25371	16.8334	2.23695	16.6427	-3.32428	-3.83595	0
2.08339	16.5402	4.93233	4.0397	0.387807	1.57735	16.0489	2.07221	16.4497	-3.26812	-3.88995	0
1.92905	16.31	4.96648	4.06815	0.397445	1.88972	16.1054	1.91027	16.254	-3.21219	-3.94216	0
1.77169	16.134	4.92864	4.07123	0.36818	1.74362	16.2687	1.75112	16.0557	-3.15656	-3.99261	0
1.56672	15.9658	4.96108	4.06033	0.333632	1.44745	16.0853	1.59474	15.8549	-3.10129	-4.04132	0
1.44055	15.7346	5.00493	4.10364	0.3787	1.6097	15.5526	1.44111	15.6517	-3.04644	-4.08832	0
1.26824	15.517	5.04612	4.11412	0.368128	1.18395	15.4284	1.29021	15.4463	-2.99207	-4.13364	0
1.11173	15.3242	5.03561	4.11964	0.349256	0.828993	15.528	1.14201	15.2386	-2.93825	-4.1773	0
0.900547	15.1065	5.11238	4.11223	0.31901	0.722706	15.0075	0.996486	15.0288	-2.88503	-4.21933	0
0.753109	14.9258	5.0576	4.11097	0.287903	1.03147	15.2134	0.853604	14.8169	-2.83246	-4.25977	0
0.650151	14.711	5.02677	4.14105	0.306506	0.737301	14.7047	0.71333	14.603	-2.78061	-4.29864	0
0.538577	14.4698	5.06346	4.1791	0.343675	0.722177	14.2445	0.575628	14.3872	-2.72952	-4.33598	0
0.364903	14.248	5.10937	4.1792	0.323131	0.253435	14.2029	0.440459	14.1696	-2.67925	-4.37181	0
0.244832	13.9962	5.18327	4.2174	0.366336	-0.0328023	13.9604	0.307779	13.9502	-2.62984	-4.40617	0
0.228564	13.7471	5.1114	4.28042	0.419554	0.459172	13.6856	0.177545	13.7292	-2.58135	-4.43909	0
0.126102	13.5045	5.14888	4.3095	0.436985	0.0524412	13.6377	0.0497099	13.5065	-2.53381	-4.47061	0
-0.0404957	13.2743	5.19662	4.30246	0.401774	-0.190344	13.2856	-0.0757753	13.2823	-2.48728	-4.50075	0
-0.15857	13.0559	5.1575	4.30591	0.37349	-0.275043	13.1456	-0.198962	13.0566	-2.44179	-4.52955	0
-0.164599	12.8292	5.07421	4.36121	0.4191	0.0462308	12.9301	-0.319903	12.8295	-2.39739	-4.55704	0
-0.283298	12.604	5.04085	4.3586	0.380067	-0.684792	12.3563	-0.438654	12.6011	-2.35412	-4.58326	0
-0.402508	12.3683	5.06346	4.36288	0.361818	-0.476482	12.3633	-0.555273	12.3714	-2.31202	-4.60823	0
-0.52691	12.1597	5.03165	4.35441	0.323355	-0.972122	12.5207	-0.669818	12.1404	-2.27111	-4.63198	0
-0.605016	11.94	5.00767	4.3715	0.325025	-0.582624	12.0386	-0.78235	11.9083	-2.23144	-4.65456	0
-0.731457	11.7121	5.01101	4.36392	0.291561	-1.26757	11.6495	-0.892931	11.6751	-2.19304	-4.67598	0
-0.926652	11.4688	5.09084	4.3308	0.232648	-1.17212	11.3988	-1.00163	11.4409	-2.15594	-4.69628	0
-1.03307	11.2433	5.04474	4.32534	0.198482	-0.891441	10.959	-1.1085	11.2057	-2.12017	-4.71549	0
-1.20921	11.0163	5.09064	4.29863	0.154327	-1.39289	11.0424	-1.21362	10.9695	-2.08575	-4.73364	0
-1.28802	10.7703	5.12252	4.32669	0.190605	-1.29894	10.9012	-1.31706	10.7324	-2.05273	-4.75075	0
-1.41688	10.5168	5.16412	4.32419	0.176053	-1.49687	10.4198	-1.41889	10.4945	-2.02111	-4.76686	0
-1.50324	10.2544	5.20951	4.34739	0.202274	-1.59293	10.0212	-1.51917	10.2559	-1.99093	-4.78198	0
-1.60178	10.044	5.17551	4.35008	0.194034	-1.61875	10.2374	-1.61797	10.0165	-1.96221	-4.79615	0
-1.69116	9.81403	5.14939	4.35575	0.185344	-1.59702	9.96554	-1.71539	9.77637	-1.93498	-4.80939	0
-1.76602	9.59349	5.11523	4.36813	0.18937	-1.73381	9.71347	-1.81147	9.53564	-1.90924	-4.82172	0
-1.87501	9.34177	5.16613	4.37451	0.193595	-2.27191	9.37316	-1.90631	9.29431	-1.88502	-4.83316	0
-1.95595	9.05003	5.22081	4.39176	0.201794	-1.93833	8.77028	-1.99998	9.05243	-1.86233	-4.84374	0
-2.04293	8.82692	5.17275	4.3902	0.179518	-1.96565	9.13274	-2.09256	8.81003	-1.8412	-4.85347	0
-2.13894	8.57501	5.19088	4.39351	0.172627	-2.1768	8.5411	-2.18412	8.56717	-1.82164	-4.86238	0
-2.26704	8.32128	5.22968	4.38199	0.147336	-2.65862	8.19477	-2.27474	8.32388	-1.80365	-4.87047	0
-2.31406	8.0875	5.18828	4.4034	0.164354	-2.21875	8.15339	-2.3645	8.0802	-1.78726	-4.87778	0
-2.37827	7.87405	5.12944	4.41104	0.160541	-2.273	8.52315	-2.45348	7.83617	-1.77248	-4.8843	0
-2.49146	7.62291	5.16272	4.40371	0.142136	-2.59674	7.60288	-2.54177	7.59184	-1.75931	-4.89006	0
-2.65542	7.38847	5.17003	4.3608	0.0648962	-3.08256	7.38874	-2.62944	7.34723	-1.74777	-4.89507	0
-2.75928	7.13262	5.19692	4.35911	0.0588966	-2.79865	7.064	-2.71658	7.10238	-1.73786	-4.89933	0
-2.8205	6.89765	5.1803	4.37881	0.0873379	-2.79412	7.20818	-2.80326	6.85734	-1.72958	-4.90286	0
-2.86312	6.68898	5.10555	4.39624	0.102689	-2.74651	6.86867	-2.88957	6.61214	-1.72295	-4.90566	0
-2.92925	6.4663	5.04155	4.39247	0.0747066	-2.57673	6.36755	-2.97559	6.36681	-1.71797	-4.90774	0
-2.984	6.22964	5.02086	4.40569	0.0856518	-2.90217	6.22989	-3.0614	6.12139	-1.71464	-4.90911	0
-3.10125	5.98246	5.06618	4.39573	0.0721275	-3.50172	6.10796	-3.14709	5.87592	-1.71297	-4.90976	0
-3.18351	5.70883	5.1113	4.40118	0.0739609	-3.1778	5.53101	-3.23274	5.63043	-1.71295	-4.9097	0
-3.29317	5.46188	5.11651	4.38067	0.0284964	-3.19736	5.19093	-3.31843	5.38496	-1.71458	-4.90893	0
-3.38957	5.20088	5.1516	4.37881	0.0246689	-3.43031	5.10507	-3.40424	5.13955	-1.71787	-4.90745	0
-3.45673	4.95491	5.15072	4.39231	0.0465244	-3.4281	4.94644	-3.49026	4.89422	-1.72281	-4.90525	0
-3.5707	4.67761	5.22014	4.38532	0.0363322	-3.69435	4.52196	-3.57657	4.64902	-1.72939	-4.90233	0
-3.68028	4.42517	5.23048	4.36526	-0.00741611	-3.50501	4.17643	-3.66325	4.40398	-1.73763	-4.89868	0
-3.81291	4.1548	5.29849	4.35146	-0.0214918	-4.00238	4.04684	-3.75039	4.15913	-1.74749	-4.8943	0
-3.89313	3.91397	5.28603	4.36263	0.00458932	-4.06447	4.10977	-3.83806	3.91452	-1.75899	-4.88918	0
-3.96568	3.68083	5.25057	4.36735	0.0087348	-3.88053	3.75177	-3.92635	3.67019	-1.77212	-4.8833	0
-4.06781	3.47444	5.19633	4.34871	-0.0281702	-4.23729	3.88878	-4.01533	3.42616	-1.78686	-4.87666	0
-4.15896	3.22985	5.19802	4.34803	-0.0273727	-4.15119	3.21968	-4.10509	3.18248	-1.8032	-4.86925	0
-4.27454	2.9758	5.22941	4.33281	-0.0541111	-4.27467	2.88187	-4.19571	2.93919	-1.82113	-4.86104	0
-4.36416	2.70252	5.26817	4.33679	-0.0459181	-4.32451	2.55034	-4.28727	2.69633	-1.84065	-4.85202	0
-4.45083	2.45287	5.26774	4.34236	-0.0310305	-4.38481	2.39989	-4.37985	2.45393	-1.86173	-4.84218	0
-4.55518	2.18859	5.30346	4.34096	-0.0294676	-4.61223	2.09192	-4.47352	2.21205	-1.88436	-4.83149	0
-4.66529	1.95706	5.29254	4.3156	-0.0845699	-4.29257	1.92854	-4.56836	1.97072	-1.90853	-4.81994	0
-4.78051	1.68446	5.34673	4.31258	-0.0807187	-4.86829	1.53442	-4.66444	1.72998	-1.93422	-4.80751	0
-4.90434	1.4357	5.36994	4.29532	-0.107542	-4.98165	1.43611	-4.76186	1.48989	-1.9614	-4.79417	0
-4.96424	1.20079	5.31548	4.3022	-0.0974146	-4.66779	1.28643	-4.86066	1.25049	-1.99007	-4.7799	0
-5.06003	0.98276	5.26509	4.29938	-0.0910711	-4.98594	1.10894	-4.96095	1.01182	-2.02019	-4.76468	0
-5.12146	0.749598	5.21952	4.30586	-0.0817175	-4.85498	0.825661	-5.06277	0.77393	-2.05174	-4.74848	0
-5.21485	0.456675	5.30022	4.31141	-0.074668	-4.84736	0.18101	-5.16621	0.536876	-2.08471	-4.73127	0
-5.28996	0.215784	5.27522	4.31521	-0.067668	-5.1231	0.257311	-5.27133	0.300706	-2.11906	-4.71303	0
-5.39937	-0.0195175	5.25576	4.31824	-0.0439368	-5.99809	-0.290765	-5.3782	0.0654719	-2.15477	-4.69374	0
-5.47058	-0.258572	5.23037	4.32389	-0.0363649	-5.29972	-0.212982	-5.4869	-0.168772	-2.1918	-4.67335	0
-5.59137	-0.442404	5.16011	4.29917	-0.0715705	-5.64447	-0.144522	-5.59748	-0.401971	-2.23014	-4.65185	0
-5.72832	-0.627858	5.10487	4.27364	-0.100147	-5.85359	-0.445801	-5.71001	-0.634069	-2.26974	-4.62919	0
-5.84334	-0.855043	5.12979	4.25211	-0.141709	-5.30947	-0.724468	-5.82456	-0.865006	-2.31058	-4.60536	0
-5.93845	-1.12282	5.1747	4.26069	-0.120674	-5.87835	-1.26863	-5.94118	-1.09472	-2.35262	-4.58032	0
-6.02686	-1.39028	5.21241	4.27087	-0.100248	-5.68069	-1.52871	-6.05993	-1.32316	-2.39581	-4.55404	0
-6.16552	-1.59761	5.18796	4.25018	-0.120487	-6.27263	-1.50938	-6.18087	-1.55025	-2.44014	-4.52648	0
-6.30955	-1.83256	5.2526	4.21912	-0.176361	-6.11355	-1.75966	-6.30406	-1.77593	-2.48555	-4.49762	0
-6.41537	-2.08192	5.26789	4.22154	-0.161813	-6.34007	-2.13685	-6.42954	-2.00014	-2.532	-4.46742	0
-6.56703	-2.28469	5.23739	4.19869	-0.178504	-6.99344	-2.17445	-6.55738	-2.22281	-2.57946	-4.43585	0
-6.71662	-2.49386	5.22393	4.1782	-0.193471	-6.79288	-2.4458	-6.68761	-2.44386	-2.62788	-4.40288	0
-6.87283	-2.70586	5.22717	4.15601	-0.212039	-7.14408	-2.67584	-6.82029	-2.66323	-2.6772	-4.36847	0
-6.96457	-2.97486	5.26352	4.17468	-0.173804	-6.8003	-3.10086	-6.95546	-2.88084	-2.7274	-4.3326	0
-7.09345	-3.19888	5.24409	4.17137	-0.161922	-7.13937	-3.22028	-7.09316	-3.09663	-2.7784	-4.29523	0
-7.21823	-3.3945	5.20041	4.15851	-0.169571	-7.12118	-3.26434	-7.23344	-3.3105	-2.83017	-4.25632	0
-7.36419	-3.64192	5.23856	4.15567	-0.160349	-7.77186	-4.08999	-7.37632	-3.5224	-2.88265	-4.21586	0
-7.52391	-3.78112	5.14592	4.11629	-0.203019	-7.49009	-3.49081	-7.52184	-3.73223	-2.93579	-4.1738	0
-7.66888	-3.98972	5.15074	4.10341	-0.209323	-7.52393	-3.88213	-7.67004	-3.93992	-2.98953	-4.13012	0
-7.82284	-4.21815	5.17679	4.09649	-0.204039	-7.88049	-4.29783	-7.82094	-4.14538	-3.04381	-4.08479	0
-7.97394	-4.43618	5.18338	4.08899	-0.199451	-8.08524	-4.57834	-7.97457	-4.34854	-3.09857	-4.03778	0
-8.13476	-4.67429	5.22338	4.08486	-0.190951	-8.22492	-4.79812	-8.13095	-4.5493	-3.15376	-3.98906	0
-8.27381	-4.87867	5.1593	4.08636	-0.165924	-8.453	-4.95621	-8.2901	-4.74759	-3.2093	-3.93862	0
-8.40591	-5.09819	5.15956	4.08825	-0.152982	-8.33552	-5.1059	-8.45204	-4.94331	-3.26514	-3.88641	0
-8.55232	-5.26676	5.07375	4.07558	-0.152151	-8.55062	-4.79248	-8.61678	-5.13637	-3.32121	-3.83242	0
-8.74331	-5.46481	5.09457	4.05278	-0.170962	-8.91477	-5.51752	-8.78433	-5.32669	-3.37745	-3.77663	0
-8.90218	-5.6622	5.08139	4.04406	-0.169012	-9.04115	-5.69364	-8.95469	-5.51417	-3.43377	-3.71901	0
-9.05943	-5.84867	5.06737	4.03207	-0.173745	-9.03391	-5.80267	-9.12788	-5.69872	-3.49012	-3.65955	0
-9.19806	-6.00701	4.97541	4.02302	-0.169039	-8.86897	-5.41973	-9.30388	-5.88026	-3.54643	-3.59823	0
-9.37807	-6.10963	4.89366	3.97888	-0.215364	-9.30811	-5.82368	-9.4827	-6.05868	-3.60261	-3.53503	0
-9.55343	-6.29219	4.90124	3.96521	-0.218509	-9.80646	-6.41174	-9.66432	-6.23389	-3.6586	-3.46994	0
-9.69296	-6.50118	4.91257	3.97384	-0.193753	-9.62547	-6.55958	-9.84874	-6.4058	-3.71431	-3.40295	0
-9.91551	-6.66012	4.96409	3.93444	-0.234975	-10.6688	-6.35543	-10.0359	-6.57431	-3.76969	-3.33404	0
-10.119	-6.82344	4.97389	3.90878	-0.252212	-10.2246	-6.83402	-10.2259	-6.73933	-3.82463	-3.26321	0
-10.304	-6.98495	4.98499	3.88992	-0.261807	-10.2205	-6.71044	-10.4186	-6.90075	-3.87907	-3.19046	0
-10.5332	-7.16411	5.0336	3.86533	-0.275235	-10.7616	-7.29159	-10.614	-7.05849	-3.93293	-3.11577	0
-10.7393	-7.30531	5.03501	3.83693	-0.294562	-10.8944	-6.83335	-10.8121	-7.21245	-3.98613	-3.03916	0
-10.9852	-7.46575	5.0808	3.80561	-0.314321	-11.2219	-7.56979	-11.0128	-7.36252	-4.03859	-2.96062	0
-11.1744	-7.60538	5.03959	3.78841	-0.315972	-10.986	-7.3707	-11.2161	-7.50862	-4.09021	-2.88015	0
-11.3236	-7.76138	4.99625	3.79148	-0.293406	-11.0934	-7.6776	-11.422	-7.65064	-4.14093	-2.79777	0
-11.5196	-7.88782	4.96382	3.76935	-0.302886	-11.4213	-7.46085	-11.6304	-7.78849	-4.19066	-2.71349	0
-11.7003	-7.99268	4.91105	3.74566	-0.314613	-11.5269	-7.8215	-11.8413	-7.92208	-4.23932	-2.6273	0
-11.8946	-8.10515	4.83793	3.72266	-0.323703	-11.9422	-7.88317	-12.0546	-8.05131	-4.28682	-2.53924	0
-12.1101	-8.1957	4.81877	3.68691	-0.348299	-12.09	-8.08828	-12.2702	-8.17609	-4.33309	-2.44932	0
-12.3362	-8.3234	4.89435	3.66707	-0.349902	-12.4462	-8.02117	-12.4881	-8.29633	-4.37802	-2.35756	0
-12.5401	-8.40426	4.85655	3.63589	-0.36758	-12.4231	-8.2599	-12.7082	-8.41193	-4.42156	-2.26399	0
-12.747	-8.48941	4.79205	3.60644	-0.383455	-12.7461	-8.19449	-12.9304	-8.5228	-4.4636	-2.16863	0
-13.0241	-8.57825	4.84885	3.56377	-0.411041	-13.2911	-8.64594	-13.1547	-8.62886	-4.50407	-2.07151	0
-13.2726	-8.67807	4.90676	3.5395	-0.412794	-13.7929	-8.47158	-13.381	-8.73002	-4.54289	-1.97267	0
-13.4942	-8.72499	4.87426	3.50062	-0.435942	-13.384	-8.57583	-13.6092	-8.82619	-4.57997	-1.87214	0
-13.7122	-8.76396	4.79271	3.45771	-0.467813	-13.6376	-8.26344	-13.8392	-8.91729	-4.61524	-1.76997	0
-13.9371	-8.87651	4.80944	3.45303	-0.444532	-13.9959	-8.99264	-14.0709	-9.00324	-4.64861	-1.6662	0
-14.1876	-8.96828	4.89583	3.44147	-0.423771	-14.4737	-8.79552	-14.3043	-9.08395	-4.68001	-1.56086	0
-14.4098	-9.08165	4.89983	3.44233	-0.396862	-14.4273	-9.1875	-14.5391	-9.15936	-4.70936	-1.45402	0
-14.6392	-9.15226	4.88186	3.4223	-0.398888	-14.5757	-9.32634	-14.7754	-9.22939	-4.73658	-1.34573	0
-14.9247	-9.14912	4.91961	3.36182	-0.447156	-15.062	-9.04396	-15.013	-9.29397	-4.76161	-1.23603	0
-15.1827	-9.22265	4.95401	3.3473	-0.436074	-15.6189	-9.69365	-15.2517	-9.35302	-4.78436	-1.125	0
-15.4457	-9.33993	5.00014	3.35365	-0.400979	-15.6682	-9.56749	-15.4916	-9.40649	-4.80476	-1.01269	0
-15.6893	-9.36826	4.95343	3.31767	-0.428077	-15.9382	-9.35751	-15.7324	-9.45431	-4.82275	-0.899159	0
-15.9458	-9.45431	4.98014	3.3151	-0.404762	-16.0862	-9.59819	-15.9741	-9.49642	-4.83827	-0.784484	0
-16.1977	-9.4625	4.95933	3.27528	-0.433302	-16.6033	-8.85459	-16.2164	-9.53277	-4.85124	-0.668734	0
-16.4494	-9.45654	4.96088	3.23625	-0.454145	-16.4229	-9.37029	-16.4594	-9.5633	-4.8616	-0.55198	0
-16.6687	-9.45479	4.9037	3.20287	-0.472763	-16.011	-9.33486	-16.7027	-9.58797	-4.8693	-0.434301	0
-16.9513	-9.44056	4.95128	3.16298	-0.491052	-17.1132	-9.43043	-16.9464	-9.60673	-4.87427	-0.315773	0
-17.2029	-9.50111	4.9795	3.16972	-0.447114	-16.9255	-10.8571	-17.1903	-9.61954	-4.87646	-0.196479	0
-17.4627	-9.52001	4.99483	3.15312	-0.439921	-17.5448	-9.57485	-17.4342	-9.62636	-4.87583	-0.0765024	0
-17.7205	-9.50865	4.98942	3.12112	-0.457017	-18.1371	-9.39146	-17.6781	-9.62717	-4.87232	0.0440703	0
-17.9752	-9.47643	4.99814	3.08689	-0.470309	-17.9724	-9.42299	-17.9216	-9.62194	-4.86588	0.165151	0
-18.2197	-9.43754	4.97502	3.04811	-0.495731	-18.3083	-9.18778	-18.1648	-9.61064	-4.85648	0.286648	0
-18.4222	-9.48426	4.90678	3.05848	-0.455889	-18.2763	-9.60997	-18.4074	-9.59325	-4.84408	0.40847	0
-18.6586	-9.47175	4.91099	3.0454	-0.438518	-18.2443	-9.58547	-18.6493	-9.56977	-4.82864	0.530522	0
-18.9069	-9.46381	4.91369	3.03165	-0.42882	-18.9545	-9.51544	-18.8904	-9.54017	-4.81012	0.652707	0
-19.1372	-9.4257	4.90944	3.01013	-0.424527	-18.6983	-9.02886	-19.1305	-9.50447	-4.78851	0.774927	0
-19.3828	-9.30578	4.93323	2.95061	-0.469062	-19.2983	-9.09865	-19.3694	-9.46265	-4.76378	0.897083	0
-19.6166	-9.22881	4.91267	2.90844	-0.49996	-19.7037	-8.79906	-19.6069	-9.41472	-4.73591	1.01907	0
-19.8679	-9.10563	4.95013	2.85535	-0.531926	-19.8731	-8.96417	-19.8431	-9.36071	-4.70487	1.1408	0
-20.1054	-9.004	4.96437	2.8171	-0.543889	-20.3815	-7.6755	-20.0775	-9.30061	-4.67066	1.26215	0
-20.2804	-9.13277	4.80252	2.87969	-0.44447	-20.1607	-9.59663	-20.3102	-9.23446	-4.63328	1.38303	0
-20.5193	-9.09086	4.81133	2.87086	-0.424706	-20.4587	-9.7448	-20.5409	-9.16227	-4.59271	1.50334	0
-20.7404	-8.99528	4.8116	2.83666	-0.439692	-20.6596	-8.91527	-20.7696	-9.08409	-4.54895	1.62296	0
-20.9823	-8.91404	4.82652	2.81035	-0.447518	-21.5568	-8.5005	-20.9959	-8.99994	-4.50202	1.74179	0
-21.1787	-8.84587	4.78083	2.7915	-0.444414	-21.0195	-8.85081	-21.2198	-8.90987	-4.45191	1.85972	0
-21.4118	-8.75757	4.78686	2.76462	-0.454754	-21.8628	-8.64129	-21.4412	-8.81393	-4.39865	1.97666	0
-21.6052	-8.73272	4.7152	2.76762	-0.426625	-21.5029	-8.87191	-21.6597	-8.71217	-4.34224	2.0925	0
-21.7969	-8.58789	4.67746	2.70375	-0.498203	-21.9514	-7.41274	-21.8754	-8.60465	-4.2827	2.20712	0
-22	-8.51212	4.65283	2.68914	-0.48688	-21.9793	-8.57089	-22.0881	-8.49143	-4.22007	2.32043	0
-22.2095	-8.40452	4.66927	2.66984	-0.472253	-22.1914	-7.70392	-22.2975	-8.37258	-4.15437	2.43232	0
-22.44	-8.30753	4.69131	2.6539	-0.463058	-22.5838	-8.35296	-22.5035	-8.24817	-4.08564	2.5427	0
-22.6315	-8.19022	4.66912	2.62225	-0.479453	-22.3177	-8.57758	-22.7061	-8.11829	-4.01391	2.65145	0
-22.867	-7.95161	4.79662	2.5539	-0.526868	-22.9861	-7.6724	-22.9049	-7.98301	-3.93923	2.75848	0
-23.0577	-7.80107	4.77915	2.50561	-0.572527	-23.2693	-8.32031	-23.1	-7.84243	-3.86163	2.8637	0
-23.2848	-7.6252	4.84721	2.47075	-0.577668	-23.4777	-7.56583	-23.2911	-7.69663	-3.78118	2.967	0
-23.4848	-7.48644	4.86401	2.46228	-0.536703	-23.473	-7.02103	-23.4781	-7.54572	-3.69792	3.06828	0
-23.6511	-7.34202	4.83152	2.43573	-0.537382	-23.5408	-7.36069	-23.6609	-7.3898	-3.61191	3.16746	0
-23.842	-7.18254	4.84749	2.41495	-0.523871	-24.0505	-6.56968	-23.8393	-7.22897	-3.52321	3.26445	0
-24.0042	-7.08802	4.76565	2.40965	-0.503497	-23.9384	-7.26171	-24.0132	-7.06336	-3.43189	3.35916	0
-24.1717	-6.90568	4.77216	2.37094	-0.52503	-24.3577	-5.94086	-24.1825	-6.89307	-3.33801	3.45149	0
-24.332	-6.6551	4.84404	2.31507	-0.555407	-24.2574	-6.4352	-24.347	-6.71823	-3.24166	3.54138	0
-24.4993	-6.47851	4.83981	2.28229	-0.572242	-24.788	-7.18367	-24.5066	-6.53896	-3.14289	3.62873	0
-24.5987	-6.33662	4.73907	2.25453	-0.574371	-24.3008	-6.43799	-24.6612	-6.35538	-3.0418	3.71347	0
-24.7395	-6.1473	4.73727	2.22339	-0.576834	-24.6108	-6.00878	-24.8107	-6.16764	-2.93846	3.79553	0
-24.9215	-5.94434	4.78993	2.20101	-0.568174	-25.146	-5.91902	-24.955	-5.97587	-2.83295	3.87484	0
-25.0523	-5.73974	4.79524	2.17044	-0.56668	-24.8975	-5.02285	-25.094	-5.7802	-2.72537	3.95132	0
-25.1852	-5.56742	4.76427	2.14993	-0.559205	-25.1941	-5.64372	-25.2276	-5.58079	-2.61581	4.02492	0
-25.3386	-5.38212	4.77407	2.14412	-0.518651	-25.5328	-5.4399	-25.3556	-5.37777	-2.50435	4.09557	0
-25.4822	-5.15894	4.81332	2.11737	-0.518358	-25.5713	-5.10241	-25.4779	-5.1713	-2.39109	4.16322	0
-25.614	-4.98123	4.79227	2.11447	-0.474484	-25.0178	-6.55904	-25.5946	-4.96152	-2.27613	4.22781	0
-25.7284	-4.80771	4.74638	2.09685	-0.469163	-25.6952	-4.89995	-25.7055	-4.7486	-2.15956	4.2893	0
-25.8493	-4.60209	4.75088	2.07878	-0.457179	-25.8162	-4.40681	-25.8105	-4.53268	-2.04149	4.34764	0
-25.9612	-4.36038	4.79155	2.04787	-0.464894	-25.9516	-4.26659	-25.9096	-4.31392	-1.92202	4.40279	0
-26.0701	-4.13953	4.79181	2.00351	-0.518813	-26.8953	-4.43966	-26.0027	-4.0925	-1.80125	4.45471	0
-26.1608	-3.85783	4.86847	1.96171	-0.534151	-26.1198	-3.67723	-26.0897	-3.86856	-1.67928	4.50337	0
-26.2346	-3.62074	4.86799	1.90993	-0.589033	-26.5652	-3.85723	-26.1706	-3.64227	-1.55623	4.54875	0
-26.2632	-3.35382	4.88602	1.8579	-0.612635	-25.9974	-3.24722	-26.2453	-3.41381	-1.4322	4.59081	0
-26.3128	-3.10974	4.88888	1.81207	-0.642118	-26.2976	-3.01078	-26.3138	-3.18332	-1.30729	4.62954	0
-26.3371	-2.87348	4.8701	1.77038	-0.652855	-26.1741	-2.87885	-26.376	-2.95098	-1.18162	4.66493	0
-26.3954	-2.64685	4.85882	1.74846	-0.63529	-26.4681	-3.44967	-26.4319	-2.71697	-1.05529	4.69696	0
-26.472	-2.48964	4.76114	1.74046	-0.613939	-26.674	-2.73852	-26.4815	-2.48143	-0.928411	4.72562	0
-26.5275	-2.25449	4.76797	1.72437	-0.585177	-26.657	-1.72382	-26.5247	-2.24456	-0.80109	4.75091	0
-26.5775	-2.05681	4.72036	1.70526	-0.576204	-26.6691	-2.17333	-26.5616	-2.0065	-0.673434	4.77284	0
-26.6086	-1.82023	4.72328	1.68615	-0.551372	-26.3248	-1.32261	-26.5921	-1.76744	-0.545553	4.79141	0
-26.6065	-1.57226	4.73365	1.6482	-0.561992	-26.4671	-1.53207	-26.6161	-1.52753	-0.417552	4.80664	0
-26.6035	-1.34157	4.723	1.60575	-0.591126	-26.4998	-2.19526	-26.6338	-1.28695	-0.289538	4.81852	0
-26.6069	-1.11475	4.70939	1.57636	-0.591384	-26.5998	-1.14277	-26.6451	-1.04586	-0.161616	4.8271	0
-26.6363	-0.889404	4.70051	1.56159	-0.571495	-27.2008	-1.67679	-26.65	-0.804425	-0.0338883	4.83238	0
-26.6473	-0.640098	4.72479	1.53833	-0.565135	-26.7355	-0.59539	-26.6485	-0.562811	0.0935412	4.83439	0
-26.6346	-0.39865	4.73706	1.50002	-0.590395	-26.9891	0.0351487	-26.6406	-0.321181	0.220572	4.83317	0
-26.5891	-0.107994	4.81475	1.4599	-0.599247	-26.4553	0.0602653	-26.6264	-0.0796947	0.347104	4.82874	0
-26.5697	0.13096	4.81806	1.43064	-0.603788	-26.9537	0.136943	-26.6059	0.161489	0.473041	4.82116	0
-26.5462	0.419862	4.89373	1.40547	-0.596174	-26.6201	0.57588	-26.5792	0.402213	0.598287	4.81045	0
-26.5341	0.657765	4.88298	1.39721	-0.557444	-26.8241	0.381506	-26.5462	0.642323	0.722748	4.79667	0
-26.5267	0.937563	4.94076	1.38401	-0.540355	-26.7293	1.06082	-26.5069	0.881666	0.846334	4.77986	0
-26.489	1.19537	4.9532	1.37765	-0.491678	-25.9562	2.60409	-26.4616	1.12009	0.968955	4.76007	0
-26.4322	1.4339	4.94821	1.35066	-0.494313	-26.3986	1.42212	-26.4101	1.35745	1.09053	4.73737	0
-26.3934	1.65388	4.91097	1.33869	-0.469775	-26.5072	-0.563928	-26.3526	1.59361	1.21096	4.71181	0
-26.3384	1.86755	4.87459	1.31538	-0.470446	-26.3594	1.79315	-26.2891	1.82841	1.33018	4.68345	0
-26.2703	2.0989	4.87239	1.28689	-0.481403	-26.3475	1.82827	-26.2197	2.06173	1.44811	4.65235	0
-26.2079	2.2953	4.81759	1.26331	-0.482057	-26.2502	2.18481	-26.1444	2.29342	1.56467	4.61859	0
-26.1452	2.52371	4.80721	1.25268	-0.45305	-26.069	2.27896	-26.0633	2.52336	1.67979	4.58223	0
-26.0667	2.76488	4.82744	1.23094	-0.451684	-26.0641	2.80701	-25.9765	2.75141	1.79339	4.54334	0
-25.9716	2.98763	4.83731	1.18901	-0.496502	-26.3234	3.02388	-25.8841	2.97746	1.90543	4.502	0
-25.8706	3.26287	4.91442	1.16665	-0.492352	-25.8345	3.42005	-25.7861	3.20139	2.01582	4.45828	0
-25.7877	3.49227	4.91668	1.14719	-0.488613	-26.1824	3.73376	-25.6826	3.42306	2.12452	4.41227	0
-25.6817	3.69528	4.88957	1.11963	-0.492487	-25.6666	3.63509	-25.5737	3.64239	2.23146	4.36404	0
-25.565	3.90352	4.88046	1.08867	-0.503429	-25.5773	3.13316	-25.4596	3.85924	2.3366	4.31367	0
-25.4975	4.08649	4.81554	1.07527	-0.492515	-25.7492	3.99968	-25.3402	4.07353	2.43989	4.26125	0
-25.3742	4.28924	4.80941	1.04608	-0.499714	-25.3516	3.75691	-25.2157	4.28514	2.54127	4.20686	0
-25.2148	4.50568	4.84081	1.01061	-0.510072	-25.0214	4.52803	-25.0863	4.49399	2.64071	4.15058	0
-25.0643	4.70259	4.83104	0.986688	-0.493596	-24.2719	4.30917	-24.9518	4.69998	2.73817	4.09251	0
-24.9459	4.89702	4.81457	0.966584	-0.489153	-25.0363	4.88499	-24.8126	4.90303	2.83361	4.03273	0
-24.7898	5.08823	4.81619	0.93672	-0.493161	-24.3609	4.95947	-24.6686	5.10304	2.92701	3.97132	0
-24.6221	5.30006	4.85599	0.90874	-0.495656	-24.5041	5.35293	-24.5201	5.29995	3.01833	3.90839	0
-24.4502	5.47796	4.8677	0.865146	-0.53205	-24.4379	5.24592	-24.367	5.49367	3.10754	3.84401	0
-24.2633	5.65035	4.87174	0.828028	-0.543168	-24.1159	5.61152	-24.2095	5.68414	3.19464	3.77827	0
-24.0975	5.81228	4.86145	0.791771	-0.563212	-24.5638	4.75836	-24.0477	5.8713	3.27959	3.71127	0
-23.9235	5.97287	4.84984	0.76094	-0.566437	-23.9153	5.94377	-23.8818	6.05508	3.36239	3.64309	0
-23.7796	6.15995	4.81061	0.770289	-0.48973	-23.5491	6.44495	-23.7117	6.23542	3.44302	3.57383	0
-23.6121	6.31585	4.79383	0.745291	-0.490826	-23.6471	6.29102	-23.5377	6.41227	3.52148	3.50357	0
-23.463	6.49121	4.77148	0.742325	-0.452448	-23.7544	6.53746	-23.3598	6.58559	3.59775	3.4324	0
-23.2397	6.70952	4.87851	0.723756	-0.444879	-23.0099	6.86182	-23.1781	6.75533	3.67185	3.36041	0
-23.0442	6.85206	4.86065	0.698365	-0.441136	-22.7862	5.74143	-22.9928	6.92146	3.74376	3.28768	0
-22.8312	7.02362	4.90266	0.674752	-0.441705	-22.6991	7.063	-22.804	7.08393	3.8135	3.21431	0
-22.6192	7.1584	4.91005	0.638469	-0.46429	-22.418	6.76159	-22.6117	7.24273	3.88106	3.14038	0
-22.4341	7.30421	4.89961	0.619126	-0.460392	-22.5083	7.31524	-22.4161	7.39782	3.94647	3.06598	0
-22.2053	7.42924	4.94073	0.569506	-0.513487	-22.0543	7.85452	-22.2173	7.54917	4.00974	2.99118	0
-22.0241	7.5917	4.94643	0.560494	-0.495377	-22.1947	7.69478	-22.0154	7.69679	4.07087	2.91607	0
-21.8402	7.76219	4.93423	0.568265	-0.438773	-21.6178	9.0351	-21.8105	7.84064	4.12989	2.84074	0
-21.6326	7.90502	4.94506	0.55072	-0.433719	-21.6473	7.94	-21.6026	7.98072	4.18681	2.76526	0
-21.4417	8.04049	4.92233	0.540933	-0.413695	-21.8637	7.78661	-21.392	8.11703	4.24166	2.68971	0
-21.2149	8.07887	4.85479	0.488187	-0.450097	-21.0853	7.83229	-21.1787	8.24957	4.29447	2.61417	0
-21.0232	8.23509	4.82972	0.503962	-0.378878	-20.5503	9.28616	-20.9628	8.37833	4.34526	2.53871	0
-20.8446	8.38677	4.82757	0.504556	-0.357508	-21.0519	8.50983	-20.7444	8.50333	4.39406	2.46341	0
-20.6036	8.49686	4.87405	0.470124	-0.389818	-19.9265	9.40847	-20.5237	8.62457	4.4409	2.38835	0
-20.3554	8.63278	4.9317	0.454886	-0.38402	-20.21	8.68914	-20.3006	8.74206	4.48582	2.31358	0
-20.1563	8.76562	4.90024	0.462783	-0.333466	-20.2277	8.8532	-20.0753	8.85583	4.52884	2.23919	0
-19.9568	8.86773	4.87273	0.447696	-0.33223	-20.0633	8.86724	-19.848	8.96589	4.57001	2.16524	0
-19.7566	8.9895	4.84168	0.452393	-0.29144	-19.9264	8.78179	-19.6186	9.07227	4.60937	2.09179	0
-19.5341	9.06127	4.81966	0.425231	-0.305541	-19.4861	8.96665	-19.3873	9.17499	4.64694	2.01891	0
-19.2943	9.16826	4.8589	0.406027	-0.315786	-18.5719	10.2069	-19.1542	9.27409	4.68278	1.94666	0
-19.0097	9.2571	4.92537	0.378618	-0.327539	-18.6786	9.19191	-18.9193	9.36959	4.71692	1.8751	0
-18.7922	9.34145	4.91109	0.360718	-0.331848	-19.2825	8.98189	-18.6827	9.46154	4.7494	1.80429	0
-18.538	9.44263	4.952	0.346801	-0.328277	-18.4242	9.46852	-18.4446	9.54996	4.78028	1.73429	0
-18.273	9.47189	4.9858	0.289985	-0.397185	-18.1634	8.72444	-18.2049	9.63492	4.80959	1.66514	0
-17.9837	9.60033	5.08909	0.286347	-0.377547	-17.7736	9.72478	-17.9639	9.71643	4.83737	1.59691	0
-17.7388	9.69218	5.07948	0.286604	-0.339572	-17.2296	9.97767	-17.7214	9.79457	4.86368	1.52964	0
-17.4647	9.80035	5.14236	0.281031	-0.325782	-17.3436	9.88109	-17.4777	9.86936	4.88856	1.46338	0
-17.2171	9.87663	5.15003	0.266267	-0.325816	-17.1554	10.212	-17.2328	9.94087	4.91205	1.39818	0
-16.9459	10.0003	5.2152	0.270137	-0.302455	-16.8876	10.145	-16.9868	10.0091	4.93421	1.33408	0
-16.6911	10.0671	5.21959	0.253919	-0.304225	-16.5958	10.1078	-16.7396	10.0743	4.95507	1.27113	0
-16.443	10.1747	5.24045	0.256112	-0.284822	-16.5153	10.3091	-16.4915	10.1362	4.97469	1.20937	0
-16.1861	10.2426	5.25284	0.239928	-0.29149	-16.09	10.5824	-16.2424	10.1952	4.99311	1.14883	0
-15.9494	10.2682	5.20855	0.213564	-0.304969	-16.006	10.1843	-15.9924	10.2511	5.01039	1.08956	0
-15.7011	10.3347	5.19717	0.208459	-0.286506	-15.7234	10.41	-15.7416	10.3041	5.02655	1.03159	0
-15.4779	10.3292	5.12499	0.174394	-0.309188	-15.5699	10.1904	-15.4899	10.3543	5.04166	0.974957	0
-15.1842	10.3507	5.20141	0.134389	-0.357355	-14.2385	10.9109	-15.2376	10.4016	5.05576	0.919692	0
-14.9236	10.4059	5.2167	0.125129	-0.347544	-14.9365	10.4722	-14.9846	10.4462	5.06889	0.865828	0
-14.6784	10.4441	5.15984	0.127752	-0.299638	-14.724	9.63507	-14.7309	10.4882	5.0811	0.813394	0
-14.4339	10.4104	5.11459	0.0877703	-0.328478	-14.4088	10.222	-14.4766	10.5276	5.09243	0.762418	0
-14.1734	10.4364	5.11841	0.075703	-0.319652	-13.9005	10.5238	-14.2218	10.5645	5.10293	0.712926	0
-13.8704	10.5852	5.23689	0.110746	-0.259619	-13.8049	10.9383	-13.9665	10.5989	5.11263	0.664944	0
-13.614	10.6493	5.21488	0.126332	-0.205991	-13.3956	10.7857	-13.7107	10.631	5.12159	0.618496	0
-13.3629	10.648	5.19169	0.103126	-0.220855	-13.3556	10.5517	-13.4545	10.6608	5.12983	0.573603	0
-13.0994	10.6743	5.2022	0.0910382	-0.223866	-12.9374	10.8137	-13.1979	10.6884	5.13741	0.530288	0
-12.8441	10.7681	5.22472	0.10832	-0.191707	-12.9591	11.0099	-12.9409	10.7138	5.14436	0.48857	0
-12.5786	10.8204	5.2335	0.112723	-0.169476	-12.2518	11.2495	-12.6836	10.7373	5.15071	0.448467	0
-12.3424	10.787	5.17824	0.0805371	-0.196217	-12.3713	10.6091	-12.426	10.7587	5.15651	0.409997	0
-12.0842	10.826	5.1705	0.085209	-0.169331	-11.9352	10.9161	-12.1681	10.7783	5.16179	0.373177	0
-11.8372	10.8895	5.17162	0.0935344	-0.150631	-11.9451	11.0515	-11.91	10.7961	5.16658	0.338022	0
-11.5604	10.9104	5.19803	0.084527	-0.152493	-10.9703	10.9676	-11.6516	10.8121	5.17092	0.304546	0
-11.3302	10.9248	5.15638	0.074807	-0.154939	-11.4548	10.9407	-11.393	10.8265	5.17484	0.272761	0
-11.0667	10.856	5.19591	0.00258309	-0.274211	-11.3472	10.5111	-11.1342	10.8394	5.17836	0.242681	0
-10.7772	10.8272	5.22843	-0.0221272	-0.286148	-10.6009	10.6823	-10.8753	10.8509	5.18153	0.214317	0
-10.5216	10.8236	5.21931	-0.0337326	-0.281407	-10.6563	10.8369	-10.6161	10.8609	5.18435	0.187679	0
-10.2875	10.8181	5.1839	-0.0460392	-0.279834	-10.4142	10.8747	-10.3569	10.8697	5.18687	0.162776	0
-10.0373	10.8749	5.13477	-0.0095448	-0.18701	-9.90413	11.2255	-10.0976	10.8772	5.1891	0.139618	0
-9.7775	10.9207	5.15162	0.000648963	-0.164742	-9.83445	11.1032	-9.83809	10.8837	5.19106	0.118212	0
-9.5443	10.9031	5.10949	-0.0125611	-0.167427	-10.195	10.3498	-9.57852	10.8891	5.19278	0.0985664	0
-9.28461	10.9279	5.12258	-0.00948958	-0.154555	-9.3066	11.0348	-9.31887	10.8936	5.19428	0.0806865	0
-9.03722	10.9097	5.09907	-0.0190061	-0.150072	-9.2226	10.3527	-9.05915	10.8972	5.19557	0.0645787	0
-8.77429	10.9396	5.11862	-0.0124829	-0.134434	-8.78899	11.0707	-8.79937	10.9001	5.19667	0.050248	0
-8.53266	10.8981	5.08871	-0.0331709	-0.148438	-8.83914	10.0319	-8.53953	10.9023	5.19759	0.0376992	0
-8.36154	10.8212	4.95688	-0.0686504	-0.179631	-8.62045	10.6577	-8.27965	10.9039	5.19835	0.0269359	0
-8.10916	10.835	4.95417	-0.0571587	-0.144533	-7.91543	11.1157	-8.01974	10.905	5.19896	0.0179617	0
-7.78126	10.8763	5.07953	-0.039922	-0.116825	-7.51971	11.0005	-7.75979	10.9057	5.19942	0.0107791	0
-7.51845	10.8778	5.07902	-0.0310658	-0.085643	-7.25987	10.6458	-7.49981	10.9061	5.19975	0.00539029	0
-7.24507	10.8642	5.10636	-0.0367846	-0.0872072	-7.15631	10.815	-7.23983	10.9063	5.19994	0.00179692	0
-7.00458	10.8992	5.06841	-0.00779234	-0.025054	-7.39396	11.0181	-6.97983	10.9064	5.2	-7.84874e-15	0
